100	1.00866491574	0	885.7	1.	-1	0	0	0	0.0011390907353184018
101	1.00782503207	1	1.e10	0	0	0	0	0	0
201	2.01410177785	1	1.e10	0	0	0	0	0	0
301	3.01604927767	1	1.e10	0	0	0	0	0	0
401	4.027806424	0	1.4e-22	1.	0	1	100	0	0
501	5.035311488	0	1.2e-22	1.	0	2	100	0	0
601	6.044942594	0	4.18e-22	1.	0	1	100	1	0
701	7.052749	0	3.3e-23	1.	0	2	100	1	0
202	2	0	1.e-23	1.	0	1	101	2	0
302	3.01602931914	1	1.e10	0	0	0	0	0	0
402	4.00260325415	1	1.e10	0	0	0	0	0	0
502	5.012223624	0	1.1e-21	1.	0	1	100	0	0
602	6.018889124	0	1.164	1.	-1	0	0	0	0.0007045963952202211
702	7.028020618	0	4.39e-21	1.	0	1	100	0	0
802	8.033921897	0	0.172	0.83	-1	0	0	0	0.0014887527864152538
802	8.033921897	0	0.172	0.16	-1	1	100	0	0.0014887527864152538
902	9.043950286	0	1.e-20	1.	0	1	100	0	0
1002	10.052398837	0	2.19e-21	1.	0	2	100	0	0
303	3.030775	0	1.e-23	1.	0	1	101	2	0
403	4.027185558	0	1.09e-22	1.	0	1	101	0	0
503	5.0125378	0	4.4e-22	1.	0	1	101	0	0
603	6.015122794	1	1.e10	0	0	0	0	0	0
703	7.016004548	1	1.e10	0	0	0	0	0	0
803	8.022487362	0	1.212	1.	-1	1	402	0	0.0022060149142558074
903	9.026789505	0	0.2572	0.508	-1	1	100	0	0.0016764727853260312
903	9.026789505	0	0.2572	0.49	-1	0	0	0	0.0016764727853260312
1003	10.035481259	0	2.9e-21	1.	0	1	100	0	0
1103	11.043797715	0	0.0124	0.849	-1	1	100	0	0.002052855889709789
1103	11.043797715	0	0.0124	0.08	-1	0	0	0	0.002052855889709789
1203	12.05378	0	1.4e-8	1.	0	1	100	1	0
504	5.04079	0	1.e-23	1.	0	1	101	2	0
604	6.019726317	0	7.2e-21	1.	0	2	101	0	0
704	7.016929828	1	1.e10	0	0	0	0	0	0
804	8.005305103	0	1.18e-16	1.	0	1	402	0	0
904	9.012182201	1	1.e10	0	0	0	0	0	0
1004	10.013533818	1	1.e10	0	0	0	0	0	0
1104	11.021657749	0	19.92	0.97	-1	0	0	0	0.0011678044899522601
1204	12.026920737	0	0.031	1.	-1	0	0	0	0.0010889333913799222
1304	13.035693007	0	3.9e-21	1.	0	1	100	1	0
1404	14.04289292	0	0.00628	0.98	-1	1	100	0	0.0012827540901023068
1504	15.05346	0	2.89e-7	1.	0	1	100	1	0
1604	16.06192	0	2.89e-7	1.	0	2	100	1	0
605	6.04681	0	1.e-23	1.	0	1	101	2	0
705	7.029917901	0	4.7e-22	1.	0	1	101	0	0
805	8.024607233	0	1.11	1.	1	1	402	0	0.002336702133393558
905	9.013328782	0	1.22e-18	1.	0	1	101	0	0
1005	10.012936992	1	1.e10	0	0	0	0	0	0
1105	11.009305406	1	1.e10	0	0	0	0	0	0
1205	12.014352104	0	0.0291	0.98	-1	0	0	0	0.001237584816500389
1305	13.017780217	0	0.025	1.	-1	0	0	0	0.001148021599904111
1405	14.025404009	0	0.018	0.94	-1	0	0	0	0.0016180574030266487
1405	14.025404009	0	0.018	0.0604	-1	1	100	0	0.0016180574030266487
1505	15.031103021	0	0.0143	0.936	-1	1	100	0	0.001399555499061311
1505	15.031103021	0	0.0143	0.06	-1	0	0	0	0.001399555499061311
1605	16.039808829	0	2.74e-10	1.	0	1	100	1	0
1705	17.046989906	0	0.00733	0.63	-1	1	100	0	0.0014630543877557675
1705	17.046989906	0	0.00733	0.22	-1	0	0	0	0.0014630543877557675
1705	17.046989906	0	0.00733	0.11	-1	2	100	0	0.0014630543877557675
1805	18.05617	0	3.8e-8	1.	0	1	100	1	0
1905	19.06373	0	0.00421	0.75	-1	1	100	0	0.0015445892108207704
1905	19.06373	0	0.00421	0.25	-1	2	100	0	0.0015445892108207704
806	8.037675025	0	2.9e-21	1.	0	2	101	0	0
906	9.031036689	0	0.1825	0.6	1	0	0	0	0.001898152917647784
906	9.031036689	0	0.1825	0.23	1	1	101	0	0.001898152917647784
906	9.031036689	0	0.1825	0.17	1	1	402	0	0.001898152917647784
1006	10.016853228	0	27.83	1.	1	0	0	0	0.00032702523326749977
1106	11.011433613	0	1760.1	1.	1	0	0	0	0.00012453324800620753
1206	12.	1	1.e10	0	0	0	0	0	0
1306	13.00335483778	1	1.e10	0	0	0	0	0	0
1406	14.0032419887	1	1.e10	0	0	0	0	0	0
1506	15.010599256	0	3.533	1.	-1	0	0	0	0.0007338065236869011
1606	16.014701252	0	1.08	0.979	-1	1	100	0	0.0005692001053632777
1706	17.022586116	0	0.278	0.72	-1	0	0	0	0.0008619734621995446
1706	17.022586116	0	0.278	0.284	-1	1	100	0	0.0008619734621995446
1806	18.026759354	0	0.13	0.69	-1	0	0	0	0.0007329643298903589
1806	18.026759354	0	0.13	0.315	-1	1	100	0	0.0007329643298903589
1906	19.034805018	0	0.071	0.47	-1	1	100	0	0.0009619016644868985
1906	19.034805018	0	0.071	0.46	-1	0	0	0	0.0009619016644868985
1906	19.034805018	0	0.071	0.07	-1	2	100	0	0.0009619016644868985
2006	20.040319754	0	0.02	0.72	-1	1	100	0	0.0008730635797617923
2006	20.040319754	0	0.02	0.28	-1	0	0	0	0.0008730635797617923
2106	21.04934	0	4.3e-8	1.	0	1	100	1	0
2206	22.0572	0	0.0089	0.99	-1	1	100	0	0.0010587194922293609
1007	10.041653674	0	2.89e-22	1.	0	1	101	1	0
1107	11.026090956	0	8.51e-22	1.	0	1	101	0	0
1207	12.018613197	0	0.016	0.96	1	0	0	0	0.0015011312499432707
1307	13.005738609	0	862.6	1.	1	0	0	0	0.00012761487020916944
1407	14.00307400478	1	1.e10	0	0	0	0	0	0
1507	15.00010889823	1	1.e10	0	0	0	0	0	0
1607	16.006101658	0	10.3	1.	-1	0	0	0	0.0007310738403557897
1707	17.008450261	0	6.02	0.95	-1	1	100	0	0.0005785593100486481
1707	17.008450261	0	6.02	0.05	-1	0	0	0	0.0005785593100486481
1807	18.014078959	0	0.9	0.77	-1	0	0	0	0.0008579403100860674
1807	18.014078959	0	0.9	0.122	-1	1	402	0	0.0008579403100860674
1807	18.014078959	0	0.9	0.109	-1	1	100	0	0.0008579403100860674
1907	19.017028697	0	0.391	0.546	-1	1	100	0	0.0007354729228657168
1907	19.017028697	0	0.391	0.45	-1	0	0	0	0.0007354729228657168
2007	20.023365807	0	0.188	0.57	-1	1	100	0	0.0009903009819193145
2007	20.023365807	0	0.188	0.43	-1	0	0	0	0.0009903009819193145
2107	21.02710824	0	0.12	0.8	-1	1	100	0	0.0009021221413563324
2107	21.02710824	0	0.12	0.2	-1	0	0	0	0.0009021221413563324
2207	22.034394934	0	0.035	0.65	-1	0	0	0	0.0011330196626129557
2207	22.034394934	0	0.035	0.35	-1	1	100	0	0.0011330196626129557
2307	23.04122	0	0.0209	0.8	-1	1	100	0	0.0011324943949149024
2407	24.05104	0	7.5e-8	1.	0	1	100	1	0
2507	25.06066	0	3.75e-7	1.	0	2	100	1	0
1208	12.034404895	0	1.65e-21	0.6	0	2	101	0	0
1308	13.024812213	0	0.0124	0.89	1	0	0	0	0.0014215740509883217
1308	13.024812213	0	0.0124	0.109	1	1	101	0	0.0014215740509883217
1408	14.00859625	0	101.86	1.	1	0	0	0	0.0003506305751183998
1508	15.003065617	0	176.36	1.	1	0	0	0	0.00015170881125895988
1608	15.99491461956	1	1.e10	0	0	0	0	0	0
1708	16.999131703	1	1.e10	0	0	0	0	0	0
1808	17.999161001	1	1.e10	0	0	0	0	0	0
1908	19.00358013	0	38.78	1.	-1	0	0	0	0.00029856947676098583
2008	20.004076742	0	19.49	1.	-1	0	0	0	0.00022888771349223406
2108	21.008655886	0	4.93	1.	-1	0	0	0	0.0004393118317554648
2208	22.009966947	0	3.25	0.78	-1	0	0	0	0.00033938431266093287
2208	22.009966947	0	3.25	0.22	-1	1	100	0	0.00033938431266093287
2308	23.015687659	0	0.12	0.69	-1	0	0	0	0.0005494513750518099
2308	23.015687659	0	0.12	0.31	-1	1	100	0	0.0005494513750518099
2408	24.020472917	0	0.094	0.82	-1	0	0	0	0.0005360612252927863
2408	24.020472917	0	0.094	0.18	-1	1	100	0	0.0005360612252927863
2508	25.02946	0	7.2e-8	1.	0	1	100	1	0
2608	26.03834	0	5.8e-8	0.7	0	2	100	0	0
2608	26.03834	0	5.8e-8	0.3	0	1	100	0	0
2708	27.04826	0	3.75e-7	1.	0	1	100	1	0
2808	28.05781	0	1.44e-7	1.	0	2	100	1	0
1409	14.03506	0	1.e-23	1.	0	1	101	2	0
1509	15.018009103	0	6.6e-22	1.	0	1	101	0	0
1609	16.011465724	0	1.6e-20	1.	0	1	101	0	0
1709	17.002095237	0	93.04	1.	1	0	0	0	0.0001343622100494067
1809	18.000937956	0	9501.96	1.	1	0	0	0	0.00005302107607220685
1909	18.998403224	1	1.e10	0	0	0	0	0	0
2009	19.999981315	0	15.97	1.	-1	0	0	0	0.0004026972297918973
2109	20.999948951	0	5.999	1.	-1	0	0	0	0.00031441280687904256
2209	22.002998815	0	6.1	0.89	-1	0	0	0	0.0005521034834451016
2209	22.002998815	0	6.1	0.11	-1	1	100	0	0.0005521034834451016
2309	23.003574631	0	3.22	0.86	-1	0	0	0	0.00041809848539960787
2309	23.003574631	0	3.22	0.14	-1	1	100	0	0.00041809848539960787
2409	24.008115485	0	0.563	0.94	-1	0	0	0	0.0006259081611543421
2409	24.008115485	0	0.563	0.059	-1	1	100	0	0.0006259081611543421
2509	25.012101747	0	0.072	0.86	-1	0	0	0	0.0005949917393801126
2509	25.012101747	0	0.072	0.14	-1	1	100	0	0.0005949917393801126
2609	26.019615555	0	0.014	0.89	-1	0	0	0	0.0007567625559408343
2609	26.019615555	0	0.014	0.11	-1	1	100	0	0.0007567625559408343
2709	27.026760086	0	0.0072	0.77	-1	1	100	0	0.0007291642824107912
2709	27.026760086	0	0.0072	0.23	-1	0	0	0	0.0007291642824107912
2809	28.03567	0	5.8e-8	1.	0	1	100	1	0
2909	29.04326	0	0.0036	0.6	-1	1	100	0	0.0008401018506188129
2909	29.04326	0	0.0036	0.4	-1	0	0	0	0.0008401018506188129
3009	30.0525	0	3.75e-7	1.	0	1	100	1	0
3109	31.060429	0	3.61e-7	1.	-1	0	0	1	0.0008971344214208527
1610	16.025761262	0	5.39e-21	1.	0	2	101	0	0
1710	17.017671504	0	0.1575	0.96	1	1	101	0	0.0008814574059859236
1810	18.005708213	0	2.412	1.	1	0	0	0	0.00023051562774267903
1910	19.001880248	0	24.84	1.	1	0	0	0	0.0001485387796375116
2010	19.99244017542	1	1.e10	0	0	0	0	0	0
2110	20.993846684	1	1.e10	0	0	0	0	0	0
2210	21.991385113	1	1.e10	0	0	0	0	0	0
2310	22.994466904	0	53.73	1.	-1	0	0	0	0.00022554016830107952
2410	23.993610779	0	293.	1.	-1	0	0	0	0.0001291242288848966
2510	24.997736888	0	0.869	1.	-1	0	0	0	0.0003318937533095291
2610	26.000461206	0	0.277	1.	-1	0	0	0	0.00032095075275345703
2710	27.007589903	0	0.046	0.98	-1	0	0	0	0.0005203588935731107
2810	28.012071575	0	0.0273	0.84	-1	0	0	0	0.00048760827857495087
2810	28.012071575	0	0.0273	0.16	-1	1	100	0	0.00048760827857495087
2910	29.019385933	0	0.0214	0.79	-1	0	0	0	0.0005876668408964273
2910	29.019385933	0	0.0214	0.19	-1	1	100	0	0.0005876668408964273
3010	30.024801045	0	0.011	0.87	-1	0	0	0	0.0005449860102478693
3010	30.024801045	0	0.011	0.13	-1	1	100	0	0.0005449860102478693
3110	31.03311	0	0.0049	1.	-1	0	0	0	0.0006467684142517463
3210	32.04002	0	0.005	1.	-1	0	0	0	0.0006273696558240095
3310	33.04938	0	2.6e-7	1.	0	1	100	1	0
3410	34.057028	0	8.7e-8	1.	-1	0	0	1	0.0006572091962928241
1811	18.025969	0	1.9e-21	1.	0	1	101	1	0
1911	19.013877499	0	5.8e-8	1.	0	1	101	0	0
2011	20.007351328	0	0.6462	0.75	1	0	0	0	0.0007166826726044738
2011	20.007351328	0	0.6462	0.25	1	1	402	0	0.0007166826726044738
2111	20.997655206	0	32.45	1.	1	0	0	0	0.0001508200903036201
2211	21.994436425	1	1.e10	0	0	0	0	0	0
2311	22.98976928087	1	1.e10	0	0	0	0	0	0
2411	23.990962782	0	77890.	1.	-1	0	0	0	0.0002675363231697392
2511	24.989953968	0	85.3	1.	-1	0	0	0	0.00018418853527665366
2611	25.992633	0	1.554	1.	-1	0	0	0	0.0004063518571589785
2711	26.994076788	0	0.434	1.	-1	0	0	0	0.00038015591503975504
2811	27.998938	0	0.044	0.99	-1	0	0	0	0.0005572846120091109
2911	29.002861	0	0.0648	0.74	-1	0	0	0	0.0005103950951596376
2911	29.002861	0	0.0648	0.259	-1	1	100	0	0.0005103950951596376
3011	30.008976	0	0.0698	0.69	-1	0	0	0	0.0006351824867332113
3011	30.008976	0	0.0698	0.3	-1	1	100	0	0.0006351824867332113
3111	31.013585452	0	0.025	0.62	-1	0	0	0	0.0005670003712152664
3111	31.013585452	0	0.025	0.37	-1	1	100	0	0.0005670003712152664
3211	32.02046656	0	0.019	0.68	-1	0	0	0	0.0006872903428425799
3211	32.02046656	0	0.019	0.24	-1	1	100	0	0.0006872903428425799
3211	32.02046656	0	0.019	0.08	-1	2	100	0	0.0006872903428425799
3311	33.026719756	0	0.012	0.47	-1	1	100	0	0.0006655500245374158
3311	33.026719756	0	0.012	0.4	-1	0	0	0	0.0006655500245374158
3311	33.026719756	0	0.012	0.13	-1	2	100	0	0.0006655500245374158
3411	34.03517	0	0.0079	0.5	-1	2	100	0	0.0007706101517930571
3411	34.03517	0	0.0079	0.35	-1	0	0	0	0.0007706101517930571
3411	34.03517	0	0.0079	0.15	-1	1	100	0	0.0007706101517930571
3511	35.042493	0	0.0022	1.	-1	0	0	0	0.0007335769746748158
3611	36.05148	0	2.6e-7	1.	0	1	100	1	0
3711	37.05934	0	8.7e-8	1.	-1	0	0	1	0.0007690045208576312
1912	19.03547	0	1.e-23	1.	0	1	101	2	0
2012	20.018862545	0	0.13	0.7	1	0	0	0	0.000546222719825131
2012	20.018862545	0	0.13	0.304	1	1	101	0	0.000546222719825131
2112	21.01171291	0	0.176	0.67	1	0	0	0	0.0006414976035888156
2112	21.01171291	0	0.176	0.326	1	1	101	0	0.0006414976035888156
2212	21.999573843	0	5.5912	1.	1	0	0	0	0.00020568973453305274
2312	22.994123669	0	16.327	1.	1	0	0	0	0.00016205298907369104
2412	23.985041699	1	1.e10	0	0	0	0	0	0
2512	24.985836917	1	1.e10	0	0	0	0	0	0
2612	25.982592929	1	1.e10	0	0	0	0	0	0
2712	26.984340585	0	818.7	1.	-1	0	0	0	0.00012065794921876198
2812	27.983876825	0	108630.	1.	-1	0	0	0	0.00008545231666629709
2912	28.9886	0	1.9	1.	-1	0	0	0	0.000299320113975914
3012	29.990434	0	0.483	1.	-1	0	0	0	0.00026615015281214406
3112	30.996546	0	0.335	0.94	-1	0	0	0	0.00042354896581053326
3112	30.996546	0	0.335	0.062	-1	1	100	0	0.00042354896581053326
3212	31.998975	0	0.12	0.98	-1	0	0	0	0.00035536561805494556
3312	33.005254	0	0.131	0.83	-1	0	0	0	0.0004523354949489254
3312	33.005254	0	0.131	0.17	-1	1	100	0	0.0004523354949489254
3412	34.009456424	0	0.029	1.	-1	0	0	0	0.00038618610924723225
3512	35.01734	0	0.1	0.52	-1	1	100	0	0.000514149788361973
3512	35.01734	0	0.1	0.48	-1	0	0	0	0.000514149788361973
3612	36.023	0	0.0056	1.	-1	0	0	1	0.0004810861247537443
3712	37.0314	0	3.75e-7	1.	-1	0	0	1	0.0005741332134350393
3812	38.03757	0	3.75e-7	1.	-1	0	0	1	0.000548610030924836
3912	39.046772	0	2.6e-7	1.	0	1	100	1	0
4012	40.05393	0	2.45e-7	1.	-1	0	0	1	0.0005747131430049331
2113	21.02804	0	5.e-8	1.	0	1	101	1	0
2213	22.01952	0	0.085	0.55	1	0	0	0	0.0008799813375305958
2213	22.01952	0	0.085	0.44	1	1	101	0	0.0008799813375305958
2313	23.007267432	0	0.678	0.92	1	0	0	0	0.0005466381994063948
2313	23.007267432	0	0.678	0.08	1	1	101	0	0.0005466381994063948
2413	23.999938865	0	2.962	1.	1	0	0	0	0.0005968516849990366
2513	24.990428095	0	10.36	1.	1	0	0	0	0.00015882889006247432
2613	25.986891692	1	1.e10	0	0	0	0	0	0
2713	26.981538627	1	1.e10	0	0	0	0	0	0
2813	27.981910306	0	194.02	1.	-1	0	0	0	0.00019591767803022755
2913	28.980445046	0	568.	1.	-1	0	0	0	0.00015294065377412586
3013	29.982960256	0	5.2	1.	-1	0	0	0	0.00032367483654513127
3113	30.983946619	0	0.929	0.98	-1	0	0	0	0.00029364869594836125
3213	31.988124489	0	0.0476	0.99	-1	0	0	0	0.0004535280107150565
3313	32.990843336	0	0.0602	0.92	-1	0	0	0	0.0004048650864714969
3313	32.990843336	0	0.0602	0.085	-1	1	100	0	0.0004048650864714969
3413	33.996851837	0	0.061	0.88	-1	0	0	0	0.0005537160464226387
3413	33.996851837	0	0.061	0.125	-1	1	100	0	0.0005537160464226387
3513	34.999860235	0	0.0557	0.59	-1	0	0	0	0.0004513179862415106
3513	34.999860235	0	0.0557	0.41	-1	1	100	0	0.0004513179862415106
3613	36.006207204	0	0.13	0.7	-1	0	0	0	0.0005598130134006781
3613	36.006207204	0	0.13	0.3	-1	1	100	0	0.0005598130134006781
3713	37.01067782	0	0.0154	1.	-1	0	0	1	0.0004937491901358005
3813	38.017231021	0	0.011	1.	-1	0	0	1	0.0005817298494932377
3913	39.02297	0	0.000011	1.	-1	0	0	1	0.0005495067818260765
4013	40.03145	0	3.75e-7	1.	-1	0	0	1	0.0006517999367995638
4113	41.03833	0	3.75e-7	1.	-1	0	0	1	0.0005919573237995056
4213	42.04689	0	2.45e-7	1.	-1	0	0	1	0.0006574089070557911
2214	22.03453	0	0.042	0.68	1	0	0	0	0.0006554042969580251
2214	22.03453	0	0.042	0.32	1	1	101	0	0.0006554042969580251
2314	23.02552	0	0.061	0.88	1	1	101	0	0.000767412331230615
2314	23.02552	0	0.061	0.08	1	0	0	0	0.000767412331230615
2414	24.011545616	0	0.202	0.62	1	0	0	0	0.0004595734245352418
2414	24.011545616	0	0.202	0.376	1	1	101	0	0.0004595734245352418
2514	25.004105574	0	0.317	0.632	1	0	0	0	0.0005242615087303065
2514	25.004105574	0	0.317	0.3681	1	1	101	0	0.0005242615087303065
2614	25.992329921	0	3.223	1.	1	0	0	0	0.00018571887567688251
2714	26.986704905	0	6.	1.	1	0	0	0	0.00016857454394710343
2814	27.97692653246	1	1.e10	0	0	0	0	0	0
2914	28.9764947	1	1.e10	0	0	0	0	0	0
3014	29.973770171	1	1.e10	0	0	0	0	0	0
3114	30.975363226999998	0	13620.	1.	-1	0	0	0	0.00006463192974781879
3214	31.974148082	1	1.e10	0	0	0	0	0	0
3314	32.97800022	0	8.81	1.	-1	0	0	0	0.0002054900574562157
3414	33.978575524	0	4.	1.	-1	0	0	0	0.0001599005731172995
3514	34.984583575	0	1.13	0.95	-1	0	0	0	0.00033694421552091344
3514	34.984583575	0	1.13	0.05	-1	1	100	0	0.00033694421552091344
3614	35.986599477	0	0.649	0.88	-1	0	0	0	0.00024611562478019035
3614	35.986599477	0	0.649	0.12	-1	1	100	0	0.00024611562478019035
3714	36.99293608	0	0.13	0.83	-1	0	0	0	0.0003746720544165564
3714	36.99293608	0	0.13	0.17	-1	1	100	0	0.0003746720544165564
3814	37.995633601	0	1.e-6	1.	-1	0	0	1	0.0003159496096331723
3914	39.002070013	0	0.0685	1.	-1	0	0	1	0.0004212806214266067
4014	40.005869121	0	0.0476	1.	-1	0	0	1	0.00037736383315003407
4114	41.01456	0	0.0289	1.	-1	0	0	1	0.0005059277410265346
4214	42.01979	0	0.018	1.	-1	0	0	1	0.0004594974281404618
4314	43.02866	0	8.7e-8	1.	-1	0	0	1	0.0005347431223749383
4414	44.03526	0	5.19e-7	1.	-1	0	0	1	0.0005178686352709699
2415	24.03435	0	1.e-23	1.	0	1	101	2	0
2515	25.02026	0	4.3e-8	1.	0	1	101	1	0
2615	26.01178	0	0.063	0.98	1	0	0	0	0.0007267285941599553
2715	26.999230236	0	0.375	1.	1	0	0	0	0.0004427483475422746
2815	27.992314761	0	0.39	1.	1	0	0	0	0.0005289146275213885
2915	28.981800606	0	5.976	1.	1	0	0	0	0.00016206577887396828
3015	29.978313789	0	216.2	1.	1	0	0	0	0.00013060020066746808
3115	30.973761629	1	1.e10	0	0	0	0	0	0
3215	31.973907274	0	1.7777e6	1.	-1	0	0	0	0.00007040969784233846
3315	32.971725543	1	1.e10	0	0	0	0	0	0
3415	33.973636257	0	17.93	1.	-1	0	0	0	0.00018442298853762085
3515	34.973314117	0	68.2	1.	-1	0	0	0	0.0001363925354068376
3615	35.97825968	0	8.1	1.	-1	0	0	0	0.0003250060015131594
3715	36.979608946	0	3.33	1.	-1	0	0	0	0.00024317135838653256
3815	37.984156827	0	0.923	0.88	-1	0	0	0	0.00035576017815918586
3815	37.984156827	0	0.923	0.12	-1	1	100	0	0.00035576017815918586
3915	38.986179475	0	0.404	0.74	-1	0	0	0	0.00029690873196283114
3915	38.986179475	0	0.404	0.26	-1	1	100	0	0.00029690873196283114
4015	39.991296951	0	0.18	0.84	-1	0	0	0	0.0004096881529518055
4015	39.991296951	0	0.18	0.158	-1	1	100	0	0.0004096881529518055
4115	40.994335435	0	0.144	0.7	-1	0	0	0	0.0003728418605600018
4115	40.994335435	0	0.144	0.3	-1	1	100	0	0.0003728418605600018
4215	42.001007913	0	0.07	0.5	-1	1	100	0	0.0004882053517971325
4215	42.001007913	0	0.07	0.5	-1	0	0	0	0.0004882053517971325
4315	43.00619	0	0.0527	1.	-1	1	100	0	0.0004550088226833209
4415	44.01299	0	0.0267	1.	-1	0	0	1	0.0005299173866623458
4515	45.01922	0	2.89e-7	1.	-1	0	0	1	0.0005166009831354384
4615	46.02738	0	2.89e-7	1.	-1	0	0	1	0.0005901400427311465
2616	26.02788	0	0.014	1.	0	2	101	1	0
2716	27.018833	0	0.0224	0.98	1	0	0	0	0.0007040925363943674
2816	28.004372763	0	0.18	0.79	1	0	0	0	0.00041018451706567957
2816	28.004372763	0	0.18	0.207	1	1	101	0	0.00041018451706567957
2916	28.996608049	0	0.27	0.54	1	0	0	0	0.0004907909040050673
2916	28.996608049	0	0.27	0.464	1	1	101	0	0.0004907909040050673
3016	29.984903249	0	1.699	1.	1	0	0	0	0.00019965395784970325
3116	30.979554728	0	3.711	1.	1	0	0	0	0.00016734631211511828
3216	31.972070999	1	1.e10	0	0	0	0	0	0
3316	32.971458759	1	1.e10	0	0	0	0	0	0
3416	33.967866902	1	1.e10	0	0	0	0	0	0
3516	34.969032161	1	1.e10	0	0	0	0	0	0
3616	35.96708076	1	1.e10	0	0	0	0	0	0
3716	36.971125567	0	437.	1.	-1	0	0	0	0.00015455130609008433
3816	37.971163317	0	14740.	1.	-1	0	0	0	0.00009532286345248038
3916	38.975134306	0	16.6	1.	-1	0	0	0	0.00019600251185877078
4016	39.975451728	0	13.	1.	-1	0	0	0	0.00013833012133618463
4116	40.979582149	0	2.87	1.	-1	0	0	0	0.0002297165002260563
4216	41.981022419	0	1.461	0.96	-1	0	0	0	0.00019723858812579893
4316	42.98715479	0	0.404	0.6	-1	0	0	0	0.00031694124783450726
4316	42.98715479	0	0.404	0.4	-1	1	100	0	0.00031694124783450726
4416	43.99021339	0	0.144	0.82	-1	0	0	0	0.0002831843738870424
4416	43.99021339	0	0.144	0.18	-1	1	100	0	0.0002831843738870424
4516	44.996508112	0	0.098	0.54	-1	1	100	0	0.0003720356519739787
4516	44.996508112	0	0.098	0.46	-1	0	0	0	0.0003720356519739787
4616	46.00075	0	0.072	1.	-1	0	0	1	0.0003710643569940962
4716	47.00859	0	0.029	1.	-1	0	0	1	0.0004338968686361553
4816	48.01417	0	2.89e-7	1.	-1	0	0	1	0.00041150685308106424
4916	49.023619	0	2.89e-7	1.	0	1	100	1	0
2817	28.02851	0	1.e-23	1.	0	1	101	2	0
2917	29.01411	0	2.9e-8	1.	0	1	101	1	0
3017	30.00477	0	4.3e-8	1.	0	1	101	1	0
3117	30.992413086	0	0.216	0.99	1	0	0	0	0.0003961836849625176
3217	31.985689901	0	0.43	1.	1	0	0	0	0.0004079215711483663
3317	32.977451887	0	3.623	1.	1	0	0	0	0.00016331044635962852
3417	33.973762819	0	2.2021	1.	1	0	0	0	0.00015565622875696351
3517	34.968852682	1	1.e10	0	0	0	0	0	0
3617	35.968306981	1	1.e10	0	0	0	0	0	0
3717	36.965902591	1	1.e10	0	0	0	0	0	0
3817	37.968010425	0	3224.	1.	-1	0	0	0	0.0001520797600234719
3917	38.968008164	0	4.86e3	1.	-1	0	0	0	0.00010695656823051795
4017	39.970415472	0	117.	1.	-1	0	0	0	0.00021381863952228819
4117	40.970684525	0	55.4	1.	-1	0	0	0	0.000163311768538412
4217	41.973254804	0	9.8	1.	-1	0	0	0	0.00025538932946832406
4317	42.974054403	0	4.52	1.	-1	0	0	0	0.00020803912123726058
4417	43.978281071	0	0.808	0.92	-1	0	0	0	0.00031586772337844954
4417	43.978281071	0	0.808	0.08	-1	1	100	0	0.00031586772337844954
4517	44.980286886	0	0.596	0.76	-1	0	0	0	0.000283708752066066
4517	44.980286886	0	0.596	0.24	-1	1	100	0	0.000283708752066066
4617	45.98421004	0	0.335	0.6	-1	1	100	0	0.00036168111048420846
4617	45.98421004	0	0.335	0.4	-1	0	0	0	0.00036168111048420846
4717	46.98871	0	0.146	0.97	-1	0	0	0	0.0003628946326891605
4817	47.99495	0	2.89e-7	1.	-1	0	0	1	0.0004363096534115567
4917	49.00032	0	2.45e-7	1.	-1	0	0	1	0.0004145850476078762
5017	50.00784	0	0.029	1.	-1	0	0	1	0.0004784253828998466
5117	51.01449	0	2.89e-7	1.	-1	0	0	1	0.0004588625702227391
3018	30.02156	0	2.9e-8	1.	0	2	101	1	0
3118	31.012123	0	0.0208	0.63	1	1	101	0	0.0006169815867613901
3118	31.012123	0	0.0208	0.28	1	0	0	0	0.0006169815867613901
3118	31.012123	0	0.0208	0.072	1	2	101	0	0.0006169815867613901
3218	31.997637984	0	0.14	0.57	1	0	0	0	0.00035539388911156136
3218	31.997637984	0	0.14	0.43	1	1	101	0	0.00035539388911156136
3318	32.989925709	0	0.25	0.61	1	0	0	0	0.00036071576101357616
3318	32.989925709	0	0.25	0.387	1	1	101	0	0.00036071576101357616
3418	33.980271244	0	1.22	1.	1	0	0	0	0.00017389793455687953
3518	34.975257585	0	2.561	1.	1	0	0	0	0.00016602217806464852
3618	35.967545105	1	1.e10	0	0	0	0	0	0
3718	36.96677632	1	1.e10	0	0	0	0	0	0
3818	37.962732394	1	1.e10	0	0	0	0	0	0
3918	38.964313231	1	1.e10	0	0	0	0	0	0
4018	39.96238312251	1	1.e10	0	0	0	0	0	0
4118	40.964500611	0	9488.	1.	-1	0	0	0	0.00007639720448978826
4218	41.963045736	1	1.e10	0	0	0	0	0	0
4318	42.965636056	0	465.	1.	-1	0	0	0	0.00012597433895641
4418	43.964924033	0	1027.	1.	-1	0	0	0	0.00008731144530405215
4518	44.968039956	0	30.99	1.	-1	0	0	0	0.00017466394838847808
4618	45.968094129	0	12.	1.	-1	0	0	0	0.00014398858285095658
4718	46.972186792	0	1.77	0.99	-1	0	0	0	0.0002348993245484943
4818	47.97454	0	0.685	1.	-1	0	0	1	0.0001990639195289266
4918	48.98052	0	0.245	0.65	-1	1	100	0	0.000277494703608795
4918	48.98052	0	0.245	0.35	-1	0	0	0	0.000277494703608795
5018	49.98443	0	2.45e-7	0.65	-1	0	0	0	0.00024325769804735186
5018	49.98443	0	2.45e-7	0.35	-1	1	100	0	0.00024325769804735186
5118	50.99163	0	2.89e-7	1.	-1	0	0	1	0.00030923702576284457
5218	51.99678	0	0.014	1.	-1	0	0	1	0.0002828725163364971
5318	53.00494	0	0.004	1.	-1	0	0	1	0.000346280931550989
3219	32.02192	0	1.e-23	1.	0	1	101	2	0
3319	33.00726	0	3.6e-8	1.	0	1	101	1	0
3419	33.99841	0	3.6e-8	1.	0	1	101	1	0
3519	34.988009692	0	0.257	1.	1	0	0	0	0.0003477694926176155
3619	35.981292235	0	0.493	1.	1	0	0	0	0.0003663366609677802
3719	36.973375889	0	1.769	1.	1	0	0	0	0.0001622146551457628
3819	37.969081184	0	661.	1.	1	0	0	0	0.00015131471822522189
3919	38.963706679	1	1.e10	0	0	0	0	0	0
4019	39.963998475	1	1.e10	0	0	0	0	0	0
4119	40.961825762	1	1.e10	0	0	0	0	0	0
4219	41.96240281	0	63992.	1.	-1	0	0	0	0.00010155949160730765
4319	42.96071554	0	1.16e5	1.	-1	0	0	0	0.00005516381564444915
4419	43.961556804	0	1916.	1.	-1	0	0	0	0.00014952164067605014
4519	44.960699493	0	1542.	1.	-1	0	0	0	0.0001112154208538244
4619	45.961976864	0	151.	1.	-1	0	0	0	0.0001914169662466961
4719	46.961678473	0	25.2	1.	-1	0	0	0	0.00016281369986368435
4819	47.965513535	0	9.8	0.99	-1	0	0	0	0.0002814216157647251
4919	48.967450928	0	1.82	0.86	-1	1	100	0	0.00025108430369551166
4919	48.967450928	0	1.82	0.14	-1	0	0	0	0.00025108430369551166
5019	49.972783355	0	0.681	0.71	-1	0	0	0	0.00031583956910847253
5019	49.972783355	0	0.681	0.29	-1	1	100	0	0.00031583956910847253
5119	50.97638	0	0.527	0.53	-1	0	0	0	0.00030242426582676634
5119	50.97638	0	0.527	0.47	-1	1	100	0	0.00030242426582676634
5219	51.98261	0	0.151	0.64	-1	1	100	0	0.0003469487199662229
5219	51.98261	0	0.151	0.21	-1	2	100	0	0.0003469487199662229
5219	51.98261	0	0.151	0.15	-1	0	0	0	0.0003469487199662229
5319	52.98712	0	0.043	0.67	-1	1	100	0	0.00033246268149687906
5319	52.98712	0	0.043	0.17	-1	2	100	0	0.00033246268149687906
5319	52.98712	0	0.043	0.16	-1	0	0	0	0.00033246268149687906
5419	53.9942	0	0.014	1.	-1	0	0	0	0.0003771905130550872
5519	54.99971	0	0.004	1.	-1	0	0	1	0.0003581197064492784
3420	34.01412	0	5.e-8	1.	0	2	101	1	0
3520	35.00494	0	0.0371	0.957	1	1	101	0	0.00046769035353933864
3620	35.993087063	0	0.147	0.568	1	1	101	0	0.00031148075034222205
3620	35.993087063	0	0.147	0.43	1	0	0	0	0.00031148075034222205
3720	36.985870269	0	0.2613	0.821	1	1	101	0	0.00032232551888598245
3720	36.985870269	0	0.2613	0.179	1	0	0	0	0.00032232551888598245
3820	37.976318452	0	0.635	1.	1	0	0	0	0.00017494045641488899
3920	38.970719725	0	1.24	1.	1	0	0	0	0.00016455477578617545
4020	39.962590983	1	1.e10	0	0	0	0	0	0
4120	40.962278062	1	1.e10	0	0	0	0	0	0
4220	41.958618014	1	1.e10	0	0	0	0	0	0
4320	42.958766628	1	1.e10	0	0	0	0	0	0
4420	43.955481754	1	1.e10	0	0	0	0	0	0
4520	44.956186566	1	1.e10	0	0	0	0	0	0
4620	45.953692587	1	1.e10	0	0	0	0	0	0
4720	46.954546006	0	5.654e5	1.	-1	0	0	0	0.000054743892011559067
4820	47.952534177	1	1.e10	0	0	0	0	0	0
4920	48.955674148	0	754.6	1.	-1	0	0	0	0.0001255704947583648
5020	49.957518962	0	20.1	1.	-1	0	0	0	0.00011674753188686822
5120	50.961499214	0	14.	1.	-1	0	0	0	0.00016485347318210338
5220	51.9651	0	6.6	0.98	-1	0	0	0	0.00017217041791516986
5320	52.97005	0	0.13	0.7	-1	0	0	0	0.00020694713333294418
5320	52.97005	0	0.13	0.3	-1	1	100	0	0.00020694713333294418
5420	53.97435	0	4.33e-7	1.	-1	0	0	1	0.00021524187085167015
5520	54.98055	0	0.043	1.	-1	0	0	1	0.00023322620712252346
3621	36.01492	0	1.e-23	1.	0	1	101	2	0
3721	37.00305	0	1.e-23	1.	0	1	101	2	0
3821	37.9947	0	4.33e-7	1.	0	1	101	1	0
3921	38.984790002	0	4.33e-7	1.	0	1	101	0	0
4021	39.977967407	0	0.263	1.	1	0	0	0	0.0003700367024974576
4121	40.969251125	0	0.8603	1.	1	0	0	0	0.00015575652717459936
4221	41.965516429	0	0.9829	1.	1	0	0	0	0.00015012708252581494
4321	42.961150658	0	20210.	1.	1	0	0	0	0.00003864094525731474
4421	43.959402752	0	2.06e4	1.	1	0	0	0	0.00007464380774260588
4521	44.955911909	1	1.e10	0	0	0	0	0	0
4621	45.95517189	1	1.e10	0	0	0	0	0	0
4721	46.952407508	0	417470.	1.	-1	0	0	0	0.000019407096001346825
4821	47.952231468	0	2.268e5	1.	-1	0	0	0	0.00009955111935074823
4921	48.950023975	0	4950.	1.	-1	0	0	0	0.00005289271333806404
5021	49.952187685	0	147.9	1.	-1	0	0	0	0.00015843641163233764
5121	50.953603368	0	17.9	1.	-1	0	0	0	0.00014702745715334796
5221	51.956675468	0	12.	1.	-1	0	0	0	0.0001983609879800866
5321	52.95961	0	4.	1.	-1	0	0	0	0.0001963144386448241
5421	53.963264561	0	0.519	1.	-1	0	0	0	0.00023580987591327273
5521	54.968243949	0	0.151	1.	-1	0	0	0	0.00024556085023412944
3822	38.00977	0	1.73e-7	1.	0	2	101	1	0
3922	39.00161	0	0.045	0.85	1	1	101	0	0.0004168395157079903
3922	39.00161	0	0.045	0.15	1	2	101	0	0.0004168395157079903
4022	39.990498838	0	0.0769	1.	1	1	101	0	0.0002990771688134055
4122	40.983145	0	0.116	1.	1	1	101	0	0.00032535752794670737
4222	41.973030902	0	0.287	1.	1	0	0	0	0.00016481680977175752
4322	42.968522499	0	0.734	1.	1	0	0	0	0.00015771203469910303
4422	43.959690069	1	1.e10	0	0	0	0	0	0
4522	44.958125616	0	1.6e4	1.	1	0	0	0	0.00003268314560703356
4622	45.952631555	1	1.e10	0	0	0	0	0	0
4722	46.951763088	1	1.e10	0	0	0	0	0	0
4822	47.947946281	1	1.e10	0	0	0	0	0	0
4922	48.947869982	1	1.e10	0	0	0	0	0	0
5022	49.944791194	1	1.e10	0	0	0	0	0	0
5122	50.946614955	0	499.	1.	-1	0	0	0	0.000060982936015329155
5222	51.946897311	0	1.5e2	1.	-1	0	0	0	0.00004917879334942736
5322	52.949727171	0	47.3	1.	-1	0	0	0	0.0001111431159031448
5422	53.951052401	0	2.2	1.	-1	0	0	0	0.0000945575063871359
5522	54.955265056	0	1.9	1.	-1	0	0	0	0.00015549668828443298
4023	40.01109	0	1.e-23	1.	0	1	101	2	0
4123	40.99978	0	1.e-23	1.	0	1	101	2	0
4223	41.99123	0	7.9e-8	1.	0	1	101	1	0
4323	42.98065	0	1.15	1.	1	0	0	1	0.00026895347253982357
4423	43.97411	0	0.16	1.	1	0	0	0	0.00031508720833849053
4523	44.965775808	0	0.789	1.	1	0	0	0	0.00015710095077401157
4623	45.960200481	0	0.6095	1.	1	0	0	0	0.00015179571261010252
4723	46.95490894	0	2820.	1.	1	0	0	0	0.00005270625249802384
4823	47.952253707	0	1.99108e6	1.	1	0	0	0	0.00007672136423585296
4923	48.948516101	1	1.e10	0	0	0	0	0	0
5023	49.947158485	1	1.e10	0	0	0	0	0	0
5123	50.943959507	1	1.e10	0	0	0	0	0	0
5223	51.944775479	0	324.	1.	-1	0	0	0	0.00009153104916058831
5323	52.944337979	0	140.	1.	-1	0	0	0	0.00007872626704013425
5423	53.946439854	0	71.8	1.	-1	0	0	0	0.00014965773893233536
5523	54.947233701	0	9.44	1.	-1	0	0	0	0.0001254433171196179
4224	42.00643	0	0.019	1.	1	0	0	0	0.0003484882110536851
4324	42.99771	0	0.0312	0.71	1	0	0	0	0.00038387100829839527
4324	42.99771	0	0.0312	0.23	1	1	101	0	0.00038387100829839527
4324	42.99771	0	0.0312	0.06	1	2	101	0	0.00038387100829839527
4424	43.985549	0	0.076	0.93	1	0	0	0	0.00024687493833774513
4424	43.985549	0	0.076	0.07	1	1	101	0	0.00024687493833774513
4524	44.97964	0	0.0879	0.73	1	0	0	0	0.0002957614836108534
4524	44.97964	0	0.0879	0.27	1	1	101	0	0.0002957614836108534
4624	45.968358635	0	0.375	1.	1	0	0	0	0.0001646650748830203
4724	46.962900046	0	0.721	1.	1	0	0	0	0.0001576583993160604
4824	47.954031716	0	1.12e5	1.	1	0	0	0	0.00001993385920927592
4924	48.951335721	0	3660.	1.	1	0	0	0	0.0000435616869979736
5024	49.946044205	1	1.e10	0	0	0	0	0	0
5124	50.944767431	1	1.e10	0	0	0	0	0	0
5224	51.940507472	1	1.e10	0	0	0	0	0	0
5324	52.940649386	1	1.e10	0	0	0	0	0	0
5424	53.938880395	1	1.e10	0	0	0	0	0	0
5524	54.940839672	0	302.7	1.	-1	0	0	0	0.000059206122502184065
4425	44.00687	0	1.51e-7	1.	0	1	101	1	0
4525	44.99451	0	1.e-7	1.	0	1	101	1	0
4625	45.98672	0	0.049	0.6	1	0	0	0	0.0003866796521037645
4625	45.98672	0	0.049	0.22	1	1	101	0	0.0003866796521037645
4625	45.98672	0	0.049	0.18	1	2	101	0	0.0003866796521037645
4725	46.9761	0	0.144	0.97	1	0	0	0	0.00026897325759886383
4825	47.96852	0	0.2281	1.	1	0	0	0	0.0002903313814780347
4925	48.959618005	0	0.551	1.	1	0	0	0	0.00015702900975417904
5025	49.95423823	0	0.4087	1.	1	0	0	0	0.0001522961253829351
5125	50.948210787	0	4.e3	1.	1	0	0	0	0.00005470806922181611
5225	51.945565464	0	6.969e5	1.	1	0	0	0	0.00008555207751658062
5325	52.941290117	1	1.e10	0	0	0	0	0	0
5425	53.940358854	1	1.e10	0	0	0	0	0	0
5525	54.938045141	1	1.e10	0	0	0	0	0	0
4526	45.014578	0	0.00273	0.75	0	2	101	0	0
4526	45.014578	0	0.00273	0.25	1	1	101	0	0.0004332379005171369
4626	46.00081	0	0.017	0.64	1	0	0	0	0.0002937459431489888
4626	46.00081	0	0.017	0.36	1	1	101	0	0.0002937459431489888
4726	46.99289	0	0.0315	0.87	1	1	101	0	0.00034529466675109683
4726	46.99289	0	0.0315	0.13	1	0	0	0	0.00034529466675109683
4826	47.980504	0	0.063	0.96	1	0	0	0	0.00023779254218602296
4926	48.97361	0	0.0933	0.52	1	1	101	0	0.000273833726348981
4926	48.97361	0	0.0933	0.48	1	0	0	0	0.000273833726348981
5026	49.962988982	0	0.224	1.	1	0	0	0	0.0001632954092674122
5126	50.956819538	0	0.44	1.	1	0	0	0	0.0001574348030035785
5226	51.948113875	0	42980.	1.	1	0	0	0	0.00003542348989682639
5326	52.945307942	0	737.	1.	1	0	0	0	0.00006387964602961362
5426	53.939610501	1	1.e10	0	0	0	0	0	0
5526	54.938293357	1	1.e10	0	0	0	0	0	0
5626	55.934937475	1	1.e10	0	0	0	0	0	0
4727	47.01149	0	1.e-23	1.	0	1	101	2	0
4827	48.00176	0	1.e-23	1.	0	1	101	2	0
4927	48.98972	0	5.e-8	1.	0	1	101	1	0
5027	49.98154	0	0.063	0.54	1	1	101	0	0.00035968222429718256
5027	49.98154	0	0.063	0.46	1	0	0	0	0.00035968222429718256
5127	50.97072	0	2.89e-7	1.	1	0	0	1	0.0002617392573359762
5227	51.96359	0	0.166	1.	1	0	0	0	0.0002866739089398102
5327	52.954218896	0	0.346	1.	1	0	0	0	0.00015729628799539527
5427	53.948459635	0	0.27884	1.	1	0	0	0	0.00015317586455575
5527	54.941999029	0	91050.	1.	1	0	0	0	0.000055643652353139
4828	48.01975	0	7.2e-7	1.	0	2	101	1	0
4928	49.00966	0	0.011	1.	1	0	0	0	0.00039523712805554934
5028	49.99593	0	0.017	1.	1	0	0	1	0.0002765135345829608
5128	50.98772	0	2.89e-7	1.	1	0	0	1	0.0003224998939396828
5228	51.97568	0	0.055	0.83	1	0	0	0	0.0002216516267129694
5228	51.97568	0	0.055	0.17	1	1	101	0	0.0002216516267129694
5328	52.96847	0	0.065	0.55	1	0	0	0	0.0002582687300401223
5328	52.96847	0	0.065	0.45	1	1	101	0	0.0002582687300401223
5428	53.957905495	0	0.15	1.	1	0	0	0	0.00016431914822260163
5528	54.951330251	0	0.2953	1.	1	0	0	0	0.0001591330268962722
5229	51.99718	0	1.e-23	1.	0	1	101	2	0
5329	52.98555	0	4.33e-7	1.	0	1	101	1	0
5429	53.97671	0	1.1e-7	1.	0	1	101	1	0
5529	54.96605	0	0.058	1.	1	0	0	1	0.000257254161531547
5430	53.99295	0	1.e-23	1.	0	1	101	2	0
5530	54.98398	0	0.029	1.	1	0	0	1	0.00031593727148539067